  -3.7965899e+00   1.0813579e+00
   6.9837505e-02  -3.8045003e-01
   3.2501956e+00  -1.0274116e+00
   5.2502390e+00  -1.0562592e+00
  -3.2286985e+00   2.3039938e+00
  -3.3214182e+00   1.5335199e+00
   1.8474530e-01   5.3411485e-01
  -3.2199130e+00   2.6634531e+00
   3.7984386e+00  -6.7914622e-01
  -3.0191522e+00   1.9513053e+00
  -2.0253391e+00   2.6705009e+00
  -1.9586288e+00   1.9075978e+00
   2.7740568e-01  -1.3456324e-02
   2.4443323e-01   5.4219010e-01
  -3.3259368e-01  -3.7898298e-01
   3.7226520e-02   2.1239919e+00
   3.5368550e+00  -7.8745291e-01
   3.6574033e-01   6.0220803e-01
   4.9227356e+00  -9.8162938e-01
  -4.0091981e+00   1.1446404e+00
  -8.8381195e-02  -5.0396183e-01
  -3.1951115e+00   1.4236694e+00
   3.8718959e+00  -1.7079791e+00
  -1.2007367e-01  -2.9637736e-01
  -3.3322276e+00   1.8011232e+00
  -4.2031023e+00   6.4673981e-01
   9.3690313e-01   2.9936803e-01
   3.6336790e+00  -6.3707479e-01
   1.4930903e-01   1.2508565e-02
   4.8691791e+00  -6.3746966e-01
  -2.0866114e+00   1.2799560e+00
  -3.5978487e+00   1.7401769e+00
   3.9182933e+00  -9.4490276e-01
  -1.7315352e-02  -6.8744770e-01
  -1.8716231e-01   1.8442175e-01
  -1.3557369e-01   6.3112891e-01
  -2.3619079e+00   2.6940001e+00
   3.3849003e+00  -1.4813585e+00
   2.1985288e-01  -6.2722236e-01
  -9.2474261e-02  -8.3730901e-01
   1.9108998e-01  -1.0742788e-01
   2.3643772e-01  -1.0047643e-01
  -6.5884098e-02   4.3322568e-01
   3.8396801e+00  -1.0811151e+00
  -2.0381957e-01   1.0271938e+00
   3.8546131e+00  -8.9018404e-01
  -4.3268611e+00   5.4750875e-01
  -3.6894392e+00   1.2779673e+00
  -7.4904969e-02   1.8944927e-01
   5.7268666e-01   2.1406549e-01
  -8.1333803e-02  -8.2350274e-02
   1.3072940e-01   1.0171103e+00
  -2.9244811e-02   7.1324532e-01
  -5.6946679e-02   1.7577838e+00
   3.8089179e+00  -1.0219411e+00
  -3.1132523e+00   1.8658673e+00
  -3.7153094e+00   1.6853719e+00
   4.1510193e+00  -1.2483104e+00
  -3.7856773e+00   1.7519045e+00
   3.2385588e+00  -1.0913786e+00
   2.8350311e-01  -7.1399278e-01
   3.4447337e+00  -8.5512838e-01
  -2.7178850e+00   1.6022647e+00
  -4.0237480e+00   1.3987604e+00
   3.8078154e+00  -3.9071430e-01
  -8.9707041e-02   7.2651021e-02
   3.9984341e+00  -1.1822339e+00
   3.9244714e+00  -1.0530723e+00
   5.7192212e-02  -5.7218966e-01
  -1.5683659e-01   1.4673703e+00
   2.9571182e+00  -8.6680728e-01
  -2.0260236e-01  -4.2030730e-01
  -2.5381693e+00   2.2541792e+00
   3.1907331e+00  -1.1504895e+00
  -2.8644984e-01   9.4674963e-01
   4.2234518e+00  -9.2234016e-01
   2.6111776e-02  -1.3929844e+00
   4.1580961e+00  -7.8810753e-01
  -3.1092812e+00   1.6145692e+00
  -4.8746583e+00   1.1353266e+00
  -1.1150494e-01   1.9691547e-01
   3.6607905e+00  -1.2530601e+00
   2.7734101e+00  -1.1307755e+00
   4.6293211e+00  -1.5721351e+00
   3.6035849e+00  -3.7621003e-01
  -3.0139002e+00   2.0064381e+00
   3.6027880e+00  -1.0018775e+00
   3.5976079e+00  -5.7382834e-01
   2.8335076e-01  -3.5043131e-01
  -1.5058795e+00   3.8022134e+00
  -3.8988945e+00   1.5787309e+00
  -3.4606935e-01  -3.0352707e-01
  -8.7709543e-03   1.0115333e+00
  -2.9115168e+00   2.0054403e+00
  -2.4691785e+00   2.1450530e+00
   3.5168761e+00  -6.2198050e-01
   9.3487543e-02  -2.8515167e-02
   3.5388631e+00  -6.0224205e-01
   4.1202171e+00  -8.3912096e-01
  -9.7895133e-02   2.8644310e-01
   3.7885880e-01  -5.6327041e-01
  -2.5987337e-01  -1.0989220e+00
   1.6773191e-01   5.7927356e-02
  -2.9985050e+00   1.9092304e+00
   1.3244476e-01  -1.9382629e+00
   3.6912559e+00  -6.6977943e-01
  -1.7510839e-01  -1.0336973e-01
  -3.6956321e-01   6.4205147e-01
   1.9214217e-01   8.3473084e-01
  -1.8463359e-02   2.7776511e-01
  -1.0851741e-01   4.2769238e-01
   3.8929379e+00  -5.1143688e-01
  -2.5536284e-02  -6.5356461e-01
  -3.5052992e-02  -1.1407137e-01
   3.3341481e+00  -8.3753682e-01
   1.8453679e-01   6.9689953e-01
  -2.5564214e+00   2.1045217e+00
  -4.0194769e+00   1.6813789e+00
  -2.4122956e+00   2.3970672e+00
  -3.2299979e+00   1.3378841e+00
  -2.5371148e+00   2.6051626e+00
  -3.0374937e+00   1.4456856e+00
  -3.9435012e+00   1.4790691e+00
  -6.2986871e-02   4.0888423e-01
  -2.4245936e+00   1.6910775e+00
   5.1863073e+00  -1.1378996e+00
  -2.5500502e+00   2.6048260e+00
   1.7733912e-02  -1.3770089e+00
  -1.8431395e+00   3.5559884e+00
   5.0673114e+00  -9.3015363e-01
   1.3912587e-01  -1.3417230e+00
  -2.7939691e-01   7.9984936e-01
  -2.3914670e+00   2.8073344e+00
  -3.8497477e+00   1.4359013e+00
  -2.9544692e+00   1.5953181e+00
  -4.8578063e+00   7.1581232e-01
  -3.1226902e-01  -2.4705357e-01
  -3.9038368e+00   1.0994813e+00
  -1.2287210e-01   1.6331017e-01
   3.5285644e-04   9.5561618e-02
  -2.1175942e+00   2.8617727e+00
  -2.4996875e+00   1.6792008e+00
   3.7412049e+00  -5.0724603e-01
   2.1223821e-02   6.2715838e-01
  -6.1087100e-02  -6.2345408e-01
   3.7382687e+00  -7.6895497e-01
  -3.8560913e-01  -6.9388362e-01
  -2.3596101e+00   2.9220630e+00
  -2.6061964e+00   2.2170997e+00
   3.7245789e+00  -9.8320154e-01
  -2.6922335e+00   1.2845125e+00
  -2.7228380e+00   1.9948706e+00
  -2.8260176e+00   2.0629170e+00
   4.0308531e+00  -8.0385152e-01
  -3.3132089e+00   1.7239428e+00
   2.6330405e-01   5.1642209e-01
   2.8960919e-01   7.1215893e-02
   1.1489601e-01   9.8407842e-01
   4.2569871e+00  -8.8756379e-01
  -1.9680048e+00   3.4454217e+00
  -2.2642516e+00   1.9700627e+00
  -3.4086231e+00   2.0414492e+00
   2.5731701e-01   3.6639541e-01
   4.1780563e+00  -6.2657127e-01
  -2.8192782e+00   3.1667630e+00
   4.7292933e-02  -8.0812658e-01
   3.6237439e+00  -1.2197769e+00
   3.5506782e+00  -5.5259400e-01
  -2.9674588e+00   2.1963101e+00
  -3.2047347e+00   2.3104880e+00
  -3.5268946e+00   1.2389485e+00
   1.8112347e-01  -4.1293167e-01
  -4.2945405e+00   1.4072988e+00
   4.0203947e+00  -4.0464163e-01
  -1.4019877e-01  -7.3234747e-01
   1.8041533e-01  -4.9674931e-01
  -2.1756843e+00   3.0023120e+00
   4.0940570e+00  -1.0380276e+00
   5.3669803e+00  -4.3538744e-01
  -2.8159622e+00   1.3959723e+00
  -1.4625220e+00   2.5388425e+00
   1.3110936e-01   7.8198630e-01
  -2.0286158e-02   1.0023346e+00
  -3.4409549e+00   2.0636355e+00
  -9.1747859e-02  -1.6336822e+00
  -4.2030647e+00   8.4020724e-01
   4.2519386e+00  -1.1791316e+00
  -2.9513493e+00   1.7783144e+00
  -7.3478232e-02   8.8872652e-01
   3.4531139e+00  -9.6738394e-01
   9.0375760e-02  -3.0091355e-01
   3.8677797e+00  -4.3241837e-01
  -4.1977350e+00   1.0692512e+00
   3.0894199e-01  -6.2871025e-01
  -2.1320962e+00   2.5180383e+00
   4.2660193e+00  -1.0833448e+00
  -2.3669017e+00   2.6657126e+00
   4.4023385e+00  -1.3316614e+00
  -2.7202553e+00   3.1683089e+00
   2.2064587e-01  -1.1027658e+00
   3.7209735e+00  -5.5556566e-01
  -1.5800222e-01  -2.8476986e-01
  -1.8962973e-01  -3.8159968e-01
  -1.9656052e-01  -2.5350229e+00
  -3.6266879e+00   1.0296513e+00
   3.9948631e+00  -7.4212161e-01
  -2.9698445e+00   1.8001973e+00
  -3.0335637e+00   2.2808686e+00
  -2.8751492e+00   2.7881630e+00
   4.0733742e+00  -7.2412788e-01
  -2.4234125e+00   2.3639339e+00
  -3.2581873e-01  -1.1778711e-01
  -3.1719297e+00   1.7482346e+00
  -2.5996741e+00   2.0699390e+00
  -3.5089420e+00   1.7630932e+00
  -1.7619818e+00   2.8183483e+00
  -2.2177119e-01   6.5448956e-01
  -1.7162891e-01   4.2345270e-01
  -2.6450376e+00   2.1895687e+00
   4.2034612e+00  -1.5638321e+00
  -2.5753868e+00   2.4135266e+00
  -3.2472880e+00   2.3157608e+00
  -3.4208518e+00   1.6776549e+00
   3.5541833e+00  -8.8487591e-01
   4.3534522e+00  -9.5685541e-01
   3.5486735e+00  -1.0178994e+00
  -4.0035787e+00   1.2539987e+00
  -3.1222685e+00   2.5629648e+00
  -2.4011904e-01  -3.1595450e-01
  -3.7279068e+00   1.7061568e+00
  -2.6223479e+00   1.6574494e+00
   3.5030613e+00  -1.1915952e+00
  -3.7121756e-01   6.5374747e-01
   3.6441305e+00  -1.6900478e+00
  -3.5663347e-01   1.3127660e+00
   7.9563069e-02  -1.3525518e+00
  -4.0128610e+00   1.4511931e+00
   2.3768375e-01   1.0234637e+00
   3.3279422e-02  -1.0391463e+00
  -3.9306213e+00   1.6486478e+00
  -2.8376563e+00   1.2584998e+00
  -2.9464400e-01  -2.4457086e-01
  -3.9580483e+00   1.1022911e+00
  -6.2910027e-02   6.4872473e-01
  -1.2983033e-01   1.1925774e+00
   5.9837585e-02   2.1218721e-01
   3.8873652e+00  -1.2654736e+00
  -3.8006034e+00   1.8888241e+00
  -3.9471645e+00   1.7606286e+00
  -1.7707605e+00   2.6387744e+00
   4.4093642e+00  -6.8338622e-01
   3.7896141e+00  -5.3127241e-01
  -2.3969367e+00   2.8560222e+00
   3.4948992e+00  -5.2477503e-01
   4.1554647e+00  -6.8495280e-01
   3.9604938e+00  -1.3157599e+00
   2.5787044e-01  -1.5011816e-02
   4.3898740e+00  -1.3256686e+00
   3.5189620e-02  -1.4166413e+00
  -1.6970753e-03  -1.9545521e-01
  -3.4190364e+00   2.4852525e+00
   3.6219775e+00  -8.2936745e-01
   2.5485546e+00  -1.2441794e+00
   4.2146234e+00  -1.2048926e+00
   4.2723123e+00  -7.1122940e-01
   4.4683745e+00  -9.7253022e-01
  -5.7107331e-03   6.3519770e-01
  -2.6128817e+00   1.9133122e+00
  -2.1300530e-01  -6.4580322e-02
   1.7794875e-01  -1.1231731e-01
   1.1793278e-01  -2.8760526e-01
   3.8133996e+00  -9.4578872e-01
  -1.6732516e+00   3.3414352e+00
  -3.2678596e+00   2.5853186e+00
  -9.8236313e-02   1.9679221e-01
