  -3.8028068e+00   3.6341265e+00
  -6.7420295e-01  -8.6309633e-01
  -2.8056681e+00   2.9938261e+00
  -4.3656204e+00   3.9147272e+00
  -2.5173472e-01  -1.2104749e+00
   1.3189874e+00   2.8770218e+00
   3.7201625e+00   3.0294832e+00
   6.0043834e-01  -5.7672131e-01
   3.5463037e+00   5.9375984e+00
   3.0667039e+00   5.6309118e+00
   1.2189701e+00   6.0269683e-02
  -1.6141388e+00   1.2275471e+00
   3.3097839e+00   1.6097787e+00
   3.3552183e+00   2.4671983e+00
  -3.5391869e+00   3.5634654e+00
   1.5202456e+00   2.1686002e+00
  -3.4703400e+00   1.6842630e+00
   1.3396840e+00   4.5512988e+00
   3.1657686e+00   1.4199001e+00
   1.5715191e+00  -9.3293957e-02
   2.2152008e+00   6.7949704e-01
   2.6426801e+00   2.8985291e+00
   1.0715708e-01   2.6573124e+00
   3.7215551e+00   1.1288079e+00
   4.2908603e+00   3.9319831e+00
   2.6153597e+00   2.3374418e+00
  -4.9523317e+00   2.3442831e+00
   2.7079271e+00   3.9456129e+00
   2.7808100e+00   1.2607068e+00
   8.8516072e-01  -5.6642079e-01
  -1.1083454e+00   2.4336623e+00
   5.7651872e-01  -8.3051726e-01
   9.3557433e-01  -8.8690349e-01
   3.0017182e+00   3.3197322e+00
  -3.9918483e+00   3.5242196e+00
  -2.8244378e+00   3.9809654e+00
  -5.7007670e-01   2.3298836e+00
   4.0562108e+00   3.3527485e+00
  -1.9483331e+00   1.0688635e-01
   2.8110148e+00   3.0053710e+00
  -9.3133974e-02   1.2890777e-01
   8.7023092e-01  -3.7097876e-01
   4.0557896e+00   2.8932814e+00
   1.7440835e+00   4.7150569e+00
  -1.1719213e+00   3.1203472e+00
   6.4391282e-01   1.3911491e+00
  -3.5108866e+00   3.9747645e+00
   7.4042031e-01  -1.2779444e+00
  -2.6792886e+00   3.4348046e+00
   4.1792413e-01   5.4472340e-01
   1.1994725e-02  -1.1490356e+00
  -3.5423200e-02   2.0836734e+00
   5.7662379e-02  -1.9688115e+00
   1.4560838e+00   5.3270350e+00
   4.0244132e+00   3.2657275e+00
   4.6071161e+00   3.8044555e+00
   2.8595588e+00   5.1711691e+00
   5.0603582e+00   3.2663957e+00
   1.1160245e+00  -6.3417601e-01
   2.1900710e+00   3.5151249e+00
   3.3894070e+00   3.0698524e+00
  -1.4203351e+00   2.8087403e+00
  -2.2521598e+00   4.7177438e+00
   2.3033360e+00   4.7609075e+00
  -1.9868090e+00  -2.6493554e-01
   1.4774438e+00   1.6055291e+00
  -2.7820816e+00   2.4608238e+00
   4.0613781e+00   8.6520995e-01
   6.3958748e-02   1.5202870e+00
  -8.5169627e-01   3.8320072e-01
   3.7706376e+00   2.2694145e+00
   8.7798594e-01  -5.4780653e-01
  -6.9980949e-01   9.5596318e-02
  -2.4140886e+00   1.6968233e+00
  -1.0375303e+00   1.9995834e-01
  -2.3659107e+00   1.6705740e+00
  -2.4467259e-01  -3.3562456e+00
   3.6290243e+00   3.7165493e+00
  -1.6896180e+00  -9.7949787e-01
   2.7196902e+00   1.0498382e+00
  -8.3765925e-01   3.1605609e+00
   3.8925583e+00   5.8215564e+00
   1.8836792e+00   4.3125129e+00
  -1.4485217e+00   3.4754446e+00
  -1.3172458e+00   1.8482533e+00
   1.1932613e-01  -1.5471013e-02
   1.3772477e+00   1.6092560e+00
  -3.7593448e+00   1.4260288e+00
   8.2373350e-01   7.2580539e-01
   1.6991722e+00   4.4947850e+00
  -4.1294231e+00   2.8321496e+00
   4.0022713e+00   3.7428156e+00
  -3.0965014e+00   2.6098434e+00
   7.7986016e-01   6.8227070e-01
   3.3000390e+00   6.7093702e+00
  -2.8098188e+00   3.1326659e+00
  -4.8081879e-01   9.4543536e-01
   6.2064889e-01  -2.5739213e+00
   2.9188922e+00   3.1359074e+00
   1.8640762e+00   1.9242389e+00
  -2.5397990e+00   4.4514551e+00
  -2.9978939e+00   4.1615337e+00
  -2.5036303e+00   3.2925306e+00
  -3.5918215e+00   3.0639273e+00
  -1.3768046e+00  -1.4751676e-01
   4.4636151e-01   1.7972935e+00
   4.3144232e+00   3.2567076e+00
  -4.4848462e+00   2.7377558e+00
  -3.8648581e+00   4.6914475e+00
   2.2882782e+00   4.1543338e+00
  -5.7515219e-01   2.3950150e-01
  -3.0657514e+00   4.1833222e+00
  -2.7193016e+00   2.1841257e+00
   4.5600968e+00   4.2102088e+00
   5.0075593e-01  -2.4484465e-01
  -3.0461604e+00   2.2528881e+00
   2.9680982e+00   2.0200493e+00
   4.6865227e+00   2.8870942e+00
  -4.5484772e+00   2.4634931e+00
   2.6841609e+00   2.9501790e+00
   3.3269626e+00   1.9115295e+00
   1.0875205e+00   5.2955487e-01
   1.6101494e-01  -4.2047362e-01
  -7.9568131e-02  -1.3685549e+00
  -3.9249695e+00   2.7527587e+00
   2.4060684e+00   1.7838751e+00
   3.5081123e+00   3.0798028e+00
   2.3025778e+00   3.9520413e+00
   3.5613765e-02   9.3114563e-01
  -2.6827797e+00   3.9073774e+00
  -2.6888954e+00   3.5315708e+00
  -2.5234078e+00   3.2859759e+00
   2.5699975e+00   4.4674770e+00
  -2.9654775e+00   7.0352725e-01
   6.5016898e-01  -1.2894225e-01
   2.6965778e+00   4.2908457e+00
  -6.5567265e-01   6.8380447e-01
  -2.1433085e+00   3.2137909e+00
   1.2609763e-01   4.9057443e-01
   2.1721882e+00   4.0432731e+00
  -3.5607956e-01   1.5825998e+00
   2.8135210e+00   1.8264759e+00
  -5.5224014e-01   2.0955685e-01
  -1.7325378e+00   1.7155816e-01
   4.6643625e+00  -4.3365559e-01
  -3.5055085e-01  -1.3274746e+00
   1.6358574e+00   1.1801314e+00
  -8.4935121e-01  -5.2452732e-01
  -3.6106755e+00   3.9092359e+00
  -4.6528775e+00   2.2470596e+00
   2.0035665e+00   2.7758184e+00
  -7.9885675e-01   3.5142672e+00
  -8.4376867e-02   7.6144174e-01
  -4.3129574e+00   2.7200788e+00
   2.1982122e+00   6.3595718e+00
   3.9057873e+00   1.2638926e+00
   4.0784698e+00   1.8730376e+00
   1.7512605e+00  -5.4990088e-01
  -3.3846031e+00   1.6654604e+00
   1.4446151e+00  -1.8924369e+00
   3.7891173e-01   8.1746253e-01
   7.0973317e-01  -5.0042621e-01
   1.2275373e+00   1.3914240e+00
   2.4865972e+00   4.3279254e+00
   3.8768843e+00   1.8073354e+00
   3.8353769e+00   6.9238621e-01
   2.9092267e-01  -1.8799256e+00
  -5.6797976e+00   2.9568533e+00
  -9.8024792e-02   2.1100899e-01
  -1.2590578e+00   4.3790710e+00
  -2.9105121e+00   1.7428154e+00
   2.4891982e+00   3.1878230e+00
   3.8488062e+00   1.3742190e+00
   3.2977485e+00   1.7945122e+00
  -4.4592144e+00   3.6360571e+00
   4.5953838e+00   1.3512561e+00
   4.3094121e+00   3.7172118e+00
   2.7623733e+00   4.7927838e+00
   1.0010617e+00  -5.8682553e-01
  -1.6683178e+00   3.6706397e+00
  -2.6164628e+00   2.9699471e+00
  -1.9401926e+00   3.4013289e+00
  -2.9339872e+00   3.4085450e+00
  -1.6150498e+00   3.0194542e+00
  -8.8953796e-01   4.0258671e-01
  -3.1881177e+00   2.6842300e+00
  -3.0122474e-01   3.6518485e-01
   2.4280726e+00   3.8076963e+00
   3.1664966e+00   3.5942415e+00
   2.1996134e-01   2.8985609e+00
  -1.7454897e-01  -2.0700658e-01
   3.3611069e+00   1.7632196e+00
   2.5383155e+00   2.8592545e+00
  -2.4185667e+00   3.3322618e+00
   2.9450850e+00   5.2677956e+00
  -3.2389663e+00   4.6409459e+00
   1.0570562e+00  -6.5093150e-01
   7.1031547e-01  -1.5779838e+00
  -3.0393666e+00   2.6101728e+00
   2.1995365e+00   2.2548085e+00
   1.1990309e+00  -2.9594341e-01
   8.2034694e-01   1.7007000e+00
   2.1465782e+00   4.6408205e+00
   1.9213104e+00   2.5602359e+00
   1.5074344e+00   1.1398556e+00
  -8.5650936e-02  -5.0878521e-01
   2.4327543e+00   3.8139079e+00
  -4.3623746e+00  -1.0696500e-01
  -1.7926408e+00   3.6149702e+00
  -1.7087609e+00   2.5886014e+00
   2.2608506e-01   4.2636706e-02
  -6.4553591e-01  -2.0790198e+00
   1.3061685e+00   1.1918840e+00
  -1.1736004e+00  -5.4426916e-01
  -2.2387215e+00   3.4946320e+00
   3.6135747e+00   7.8194624e-01
   1.3149371e+00  -1.5754260e+00
   2.8067554e+00   2.2372116e+00
   4.4141292e+00   5.0050013e+00
   1.9019161e+00   6.3924981e-01
  -6.0580635e-01  -2.1616851e-01
  -3.0600478e+00   3.5353060e+00
   2.3008551e+00   7.4477026e-01
   6.9357882e-01   9.2774781e-01
   2.5104672e+00   3.6538763e+00
  -6.2690963e-01   1.5446842e+00
  -3.4204208e+00   3.2211992e+00
   8.1806207e-01  -1.2267357e+00
  -3.5671875e+00   3.2514505e+00
   7.0924723e-01  -3.6751795e-01
   1.5179506e+00  -2.9355604e-01
   1.0674487e+00  -1.0249547e+00
  -5.4269784e-01   1.5283262e+00
  -9.3607584e-01  -1.3322720e+00
   4.1796549e+00   3.7767478e+00
   3.3057777e+00   1.8117543e+00
  -3.5418397e+00   2.2381179e+00
   9.4413433e-01   1.0811422e+00
   1.0294469e+00  -3.5601932e-01
  -1.7882615e+00   3.2296011e+00
  -4.5538282e-01   1.1019824e+00
   2.1540971e+00   3.3748541e+00
  -3.5297787e+00   3.4796880e+00
  -2.6589934e+00   3.1947184e+00
  -3.9955006e+00   4.1258860e+00
   4.6094120e+00   4.3139308e+00
   9.9561922e-01  -6.0372440e-02
   1.1693347e+00  -2.5128685e-01
  -4.3087967e+00   2.9818628e+00
  -1.4713844e+00  -1.3771054e+00
   5.9803389e-01   3.0992948e+00
  -8.1040434e-02  -1.0643169e+00
   9.2962601e-01  -1.9641799e+00
   9.8328980e-01   7.0175691e-01
  -2.6216590e+00   1.9201528e+00
  -2.8367375e+00   4.9098017e+00
   3.2092662e+00   2.3530291e+00
  -5.4448455e-01  -1.2777517e+00
  -4.0033866e+00   2.5080039e+00
  -3.5751783e+00   6.2409574e-01
  -4.9592962e+00   4.0162308e+00
  -9.3314675e-02   7.9657604e-01
   2.6443195e+00   2.9752474e+00
  -3.4323569e+00   2.4184460e+00
  -5.8136228e-01  -1.3425883e+00
   5.3536372e-01  -1.8724529e-01
  -1.0043344e+00  -1.6090828e-01
   3.3224769e+00   3.3162516e+00
  -2.3287501e+00   1.8491656e+00
   1.2612187e+00   3.5709089e+00
  -4.0159930e-01  -9.0488387e-02
  -2.0186844e+00   3.0242121e+00
  -1.7166658e-02   8.3115922e-01
   1.7308937e+00   3.5060354e+00
   4.2790522e+00   1.9502146e+00
