  -2.8543872e+00   1.4081012e-01
  -3.6533719e+00   9.0250131e-01
   4.2297091e+00   5.4475523e-01
   4.3034425e+00  -5.1767941e-01
  -2.8987298e+00  -3.0038754e-01
  -2.1155808e+00   8.0059668e-01
   1.0221043e+00  -4.5254853e-04
  -2.9620607e+00   1.8941675e-01
  -3.7229023e+00  -6.0616287e-01
   3.9901664e+00  -4.6072756e-02
   8.9051508e-01  -8.4523352e-01
   4.3745346e+00  -1.6628002e-01
   1.7233017e-01   3.7317521e-01
   7.6835910e-01   4.7861802e-01
   1.1364365e+00   6.3939942e-01
  -3.3491259e+00   3.0341340e-01
  -3.8156120e+00  -2.0295745e-01
  -3.2436694e+00   6.8834241e-01
   3.4737093e+00   1.1770804e+00
   1.2809232e+00   1.2158469e-01
   3.5341522e+00  -1.8972954e-01
  -2.8916271e+00   3.2010393e-01
  -3.1802008e+00   1.0116824e-01
   3.8688292e+00  -3.6076559e-01
  -2.9991212e+00  -4.3292410e-01
   5.8878940e-01  -4.3491012e-01
   4.2691088e+00   2.8366076e-01
   3.9464061e-01   7.8536101e-01
   6.9566727e-01   1.8768695e-01
  -3.2160920e+00  -3.3358432e-01
  -2.6052760e+00  -8.0410861e-02
   4.6854917e+00  -1.3603290e-01
  -2.8558182e+00  -6.4176690e-01
   1.1793218e+00  -6.4558921e-01
   8.9603947e-01  -3.3217078e-01
  -2.9609499e+00   4.2104495e-01
   4.3068319e+00  -3.5120788e-01
  -2.9521300e+00  -1.0767301e-01
  -3.7798079e+00  -2.8293661e-01
   4.7402502e+00  -2.6440283e-01
   4.1937862e-01  -4.0065496e-01
   8.2729392e-01   4.8363404e-01
  -3.8741525e+00   2.2792731e-01
   6.7725796e-01   2.7002650e-01
   6.6678714e-01  -2.1938520e-01
   4.1582961e+00   3.8620137e-01
  -2.4612601e+00  -8.4322687e-01
   3.5540289e+00  -2.1027909e-01
   3.2897501e+00   1.4442699e-01
  -3.7734500e+00  -2.9390784e-01
   8.8367643e-01  -1.6321495e-01
   3.8043150e+00  -1.8194680e-01
  -3.2807025e+00   7.5997893e-01
   2.9227631e+00   4.0266274e-01
   1.3773432e+00   3.0490153e-01
   4.1538074e+00  -5.0915515e-02
  -3.1738761e+00   6.7521114e-01
  -4.0941892e+00   4.4729750e-01
  -2.3398718e+00  -2.1784582e-01
   3.1088371e+00  -9.1868756e-01
  -3.1809621e+00  -1.4393184e-01
   4.0938629e+00  -6.2535401e-01
  -4.0988505e+00  -7.8524169e-01
  -2.3057971e+00   4.9010702e-01
  -3.0126396e+00  -2.3314345e-01
   3.5149198e+00   5.9054368e-01
   3.7224718e+00   2.2135327e-01
   4.0577636e+00   3.3563845e-01
   1.0336571e+00  -1.0889870e-01
   1.4412351e+00   4.8407581e-01
   4.2449660e+00  -5.1439795e-02
  -3.8274529e+00  -9.7523118e-01
  -2.0472808e+00   4.1923687e-01
   5.1175343e-01   3.4243110e-01
  -3.2195781e+00   3.5500315e-01
   2.6228626e-01   2.0337908e-01
  -2.7590163e+00   2.6326340e-01
   3.5413501e+00  -7.0422917e-02
   4.0482613e+00  -4.3797785e-01
   3.7057727e+00   9.6941538e-02
  -3.7730904e+00  -1.3777430e-02
  -3.0115083e+00   5.0040110e-01
  -3.5543573e+00   9.0618281e-01
   7.3014511e-02  -3.0181376e-01
   4.9959875e+00  -5.8049161e-01
   4.8532206e+00   1.4163191e-01
  -2.6567729e+00  -5.7016510e-02
   3.7616277e+00   4.0700591e-01
  -3.4412067e+00  -1.6167757e-01
  -2.6671537e+00  -4.8333239e-02
   3.6297332e+00  -1.6372159e+00
   4.2293028e+00  -1.0475960e+00
   9.7082939e-01   3.5736208e-02
   1.0887449e-01   5.3173068e-01
  -3.2463255e+00  -2.5635670e-01
   4.2955924e+00  -5.5386179e-01
   4.5180213e+00  -8.7744871e-01
   3.5177845e+00  -1.8376371e-01
   1.0048471e+00  -6.6063865e-02
   6.4975043e-01   1.9315987e-01
   6.8333387e-01  -7.8641540e-02
   4.5318484e+00   7.3243489e-03
   5.8240886e-01  -5.6430945e-01
   3.9775015e+00  -7.2556958e-01
   3.9682030e+00   1.9154079e-01
  -2.8278691e+00   9.1197938e-03
   5.9627533e-01  -7.0264297e-01
  -3.3287423e+00  -8.4413569e-01
   4.0505886e+00  -2.7659899e-01
   3.8994368e+00  -8.1885416e-01
   3.1819368e+00  -3.3025812e-01
   9.9049528e-01   8.6666341e-03
   3.8952859e+00  -6.5772870e-01
   4.6660201e+00  -6.2628937e-01
  -2.7971662e+00  -6.1496698e-02
   2.7730084e-01   3.1356496e-01
   1.1306085e+00  -9.2807832e-01
   8.2070874e-01   5.2213139e-01
   1.0520634e+00  -1.1506190e-01
   8.1333196e-01  -4.1812019e-01
   3.9561138e+00   4.7425784e-01
   4.3721629e+00  -7.6249083e-01
   1.6202035e-01  -1.3362109e-01
   4.3247893e+00  -5.1497013e-01
   3.5096245e+00  -6.4045401e-02
   3.2247765e+00  -4.0140021e-01
   7.5068834e-01   4.4484328e-01
   3.8272584e+00   6.6804249e-01
  -3.1758192e+00   8.1534414e-01
   4.1695372e+00   4.2060603e-01
   3.7782179e+00   1.1999445e+00
   4.2071460e+00  -4.7214267e-01
  -3.0695960e+00  -5.2247061e-01
   4.7705991e+00   4.7117578e-01
   3.7755743e+00   3.9210484e-01
   1.1971509e+00   1.0939832e+00
   1.1326246e+00   6.0592168e-01
   5.9967352e-01  -3.4385855e-02
   1.1583882e+00   8.3757919e-01
   4.3484334e+00   2.2733612e-01
   6.0797074e-01   2.8973967e-01
  -2.9339228e+00   4.3568314e-01
  -3.6583896e+00  -4.8930608e-02
   4.4151803e+00  -1.6345502e-01
   4.3500826e+00  -2.4453542e-01
  -2.9538192e+00   5.7412924e-01
   1.1671251e+00   9.1920429e-01
   6.1549833e-01  -5.4275777e-01
  -2.8325036e+00  -5.1087042e-02
   3.4190939e+00  -7.3419553e-01
   4.0473226e+00   2.9896357e-02
   2.9409010e+00   1.5174746e-01
   1.2298413e+00  -3.2956771e-01
  -2.9662777e+00   8.1769411e-02
   4.1443333e+00  -4.2163735e-01
   4.4390736e-01   2.7943785e-01
   7.2745391e-01  -1.5801431e-01
   4.3617289e+00  -2.8186206e-01
  -2.9979871e+00   7.3963519e-01
   3.9593035e+00  -1.3223144e-01
   6.1997563e-01  -7.3966463e-02
   1.2272852e+00   4.9313994e-01
   3.8642849e+00   3.5163799e-01
   1.6793658e+00   3.4003192e-02
   3.7458338e+00  -8.4314101e-01
   1.5608983e+00  -6.2550884e-01
  -2.9514287e+00   7.6173718e-03
   3.3185241e+00   6.9458037e-01
   6.1669963e-01   3.2232951e-01
   1.4944426e+00   5.5352739e-01
   4.0727017e+00   4.8600209e-02
   1.3443569e+00  -2.6145941e-01
   8.4442334e-01  -5.5448568e-01
   1.1380778e+00  -5.2938783e-02
  -2.8367324e+00  -2.0838525e-01
   1.5415980e+00   4.3450564e-01
  -2.8223052e+00   5.4330466e-01
  -2.9743708e+00  -5.6209388e-01
   4.6778656e+00   9.4338427e-01
  -1.4688198e-01   2.5064768e-01
   4.4613314e+00  -4.0397338e-01
   1.6025450e+00  -1.7909581e-01
   4.3133698e+00  -1.4090984e+00
   3.2744848e+00  -1.3272253e-02
  -4.5516411e+00   7.9642748e-02
  -2.6031716e+00  -6.0863958e-02
   1.5546161e+00  -5.2957786e-01
   1.0536085e+00  -2.6890740e-01
  -3.6858076e+00  -1.9038565e-01
  -2.6059089e+00  -2.8128745e-01
   3.5137386e+00  -6.2405855e-01
  -3.1918414e+00   1.1686763e+00
  -3.3015064e+00  -1.9424893e-01
  -2.9592984e+00   3.3094627e-01
  -3.6528344e+00   9.2982235e-01
  -2.6099462e+00   1.0593679e+00
   3.8544527e+00   1.7235097e-01
   5.7358665e-01   1.9210798e-01
  -3.7736214e+00  -3.7280556e-01
   1.6203316e+00  -3.4946090e-01
  -2.9299997e+00  -1.6110100e-01
   2.9036286e-01  -1.6855934e-01
  -3.0319620e+00   4.8914660e-01
  -2.5945980e+00  -2.7171327e-01
   7.6838474e-01   8.3083924e-01
  -3.7680744e+00   4.3238076e-01
   4.3604189e-03  -4.7138530e-01
  -2.2743180e-01  -4.4498560e-01
   1.2249780e+00   3.8978943e-01
   4.8215652e+00   8.9073350e-01
  -3.1489859e+00  -1.8613654e-01
   2.0991461e+00  -2.8886331e-01
   4.0138774e+00   1.0931398e-01
   4.8865957e+00  -1.1688471e-01
   4.4319559e+00   2.2630494e-01
   2.0409336e+00  -9.8836998e-04
   3.3943382e+00   6.9405470e-01
  -2.2925999e+00   1.9673668e-01
   3.6162414e+00  -1.0348995e-01
   4.3200056e+00  -7.7369864e-01
  -1.1528963e-01  -8.5719509e-01
   1.0053944e+00   1.0019118e-01
   7.5632779e-01   3.9634255e-01
  -2.8350732e+00  -5.0943974e-01
  -2.9741516e+00  -5.6272479e-02
   8.5311307e-02  -1.2419497e-01
   3.7474596e+00  -3.4467911e-01
   4.4559018e+00   3.5528637e-02
  -3.4906150e+00  -6.4309239e-01
  -3.3913709e+00   6.9327194e-01
  -2.8121272e-02   3.3652608e-01
  -3.0993756e+00  -8.1173532e-01
  -2.9423351e+00   4.4126845e-01
   7.6317853e-01   1.2438803e-01
  -2.9114824e+00   6.1308265e-02
   3.9055528e+00   1.4265637e-01
   8.6517182e-01  -4.3747023e-01
   9.2720189e-01   9.0348368e-01
   4.0552775e+00  -5.8588483e-02
   1.0127777e+00   3.2919809e-01
   1.5784845e+00  -4.1647159e-01
  -2.9272674e+00   3.2659508e-01
   1.0593680e+00  -6.3198657e-02
   4.6659065e+00   1.0269345e-01
  -2.5106252e+00  -6.1468614e-01
  -3.0094399e+00   1.4032313e-01
  -2.8361248e+00  -9.5309359e-01
   1.1087585e+00   2.3839987e-01
  -3.0229283e+00   2.1805864e-01
  -3.1230934e+00   3.9114238e-01
   3.8843134e+00   1.2087217e-01
   8.7539845e-01  -1.4792545e-01
   1.1114378e+00  -1.2452954e-01
   1.5221881e+00   4.0162180e-01
   2.1196857e+00  -3.7974889e-01
   4.2923791e+00   1.8027759e-01
  -2.4215391e+00  -2.2349827e-01
   4.4006578e+00  -4.2021965e-01
   3.6571519e+00  -1.6355849e-01
   8.3359934e-01   5.6152054e-01
  -2.8899889e+00   5.7942584e-02
   4.7881688e+00   1.2776796e-01
   9.5091018e-01   6.2568702e-02
   1.8147326e+00   2.2773972e-01
  -3.0770220e+00  -8.8266206e-01
  -3.2773689e+00  -6.6262997e-01
  -2.9226022e+00  -5.0009469e-01
   4.0861648e+00   3.0574754e-02
   1.8004256e+00   1.1151140e+00
   4.3431917e+00  -2.6275441e-02
  -3.6118282e+00  -3.7284369e-02
   1.7062514e+00  -2.9836730e-01
  -3.1799920e+00   5.4499600e-01
   6.5440760e-01  -6.3672394e-02
  -4.0277630e+00   3.6744955e-01
  -3.9999160e+00   2.1686439e-02
   3.4541651e+00  -2.4167839e-02
   3.7273414e+00   4.8129132e-01
  -2.7249818e+00   3.5284415e-01
   4.3812558e+00   4.4496738e-01
   4.1788898e+00   9.1459329e-02
   1.5208716e+00   1.1593921e-02
  -2.1422402e+00   2.7033663e-01
  -2.9279182e+00   6.6021396e-01
   4.7575236e+00  -6.9482452e-02
   4.0952693e+00   2.4801563e-01
   6.8983450e-01  -3.2963090e-01
   1.2766870e+00  -1.2818544e+00
  -2.2728730e+00   1.4106301e-01
   5.9828617e-01  -1.7254858e-01
   1.1889694e+00  -5.8575157e-02
   1.3626877e+00   1.7268870e-01
   3.9906192e+00   2.8991870e-01
   4.4339577e+00   2.3900048e-01
   5.1941437e-01  -1.7018604e-01
  -3.9619055e+00  -5.5365434e-01
   3.8670808e+00  -1.4875488e-01
  -3.4269582e+00  -6.1392046e-01
   1.3206652e+00   1.1420406e-01
  -3.0830720e+00   7.1217500e-01
